"","variable","mean_min_depth","no_of_nodes","mse_increase","node_purity_increase","no_of_trees","times_a_root","p_value"
"1","AGE",3.1325,9822,0.0036964604949399,15.990062875893,400,13,0
"2","AlcoholAbuse",14.0995,348,0.00014866927581528,0.412520904044861,240,0,1
"3","Alimony",NA,0,0,0,0,0,1
"4","AlimonyTotal",NA,0,0,0,0,0,1
"5","American.Indian...Alaskan.Native",9.28105,1254,-7.54738426502792e-05,0.699358729248512,386,0,0.996236984136345
"6","American.Indian...Alaskan.Native.and.Black",18.1335,140,-1.52623685273136e-06,0.0424482913475959,120,0,1
"7","American.Indian...Alaskan.Native.and.White",15.128825,252,-4.38448232127435e-06,0.223348146778627,199,0,1
"8","AMI..Extremely.Low.Income",17.1792,170,-1.30209216371096e-05,0.080878791013819,144,0,1
"9","AMI..Low...Mod.Income",18.051175,112,2.21883818663536e-05,0.0989634678702423,101,0,1
"10","AMI..Non...Low.Mod",19.510675,42,0,0.025489650350585,41,0,1
"11","AMI..Very.Low.Income",18.487375,89,-2.41117065585819e-06,0.0464976847168759,85,0,1
"12","AnyHeadofHouseholdIncome",8.7562,1224,0.000888452308071776,0.876844710440853,384,0,0.99978171226275
"13","AnyHouseholdIncome",9.068575,1091,0.000591017754726414,0.84279412364769,369,0,0.999999999999897
"14","Asian",17.65585,148,2.42154498202288e-05,0.066488381031131,122,0,1
"15","Asian.and.White",18.6853,106,6.61375661375661e-06,0.0140773754875306,96,0,1
"16","BarriersSum",4.9125,3120,0.00181990912873223,3.3055258380062,400,4,0
"17","Black",8.0656,1527,8.43806805606148e-05,1.21533742302269,392,0,1.12789204186159e-06
"18","Black.and.White",15.456975,193,0.000105904790031171,0.316987146061659,157,1,1
"19","ChildSupport",8.549425,1238,-0.000118488860783642,0.910619609135903,391,0,0.99910212380802
"20","ChildSupportTotal",5.251325,1990,0.000306750836224497,3.39768896152258,399,1,2.44344965455819e-60
"21","ChronicHealthCondition",6.99295,2001,0.000281240121450531,1.45874912180756,394,0,3.10301705985481e-62
"22","ChronicHealthConditionTotal",6.548975,2093,0.000470439438760994,1.57120539030274,397,1,4.03585075150836e-79
"23","ChronicHomelessFirstAssessment",19.649225,27,0,0.0310960156771226,27,0,1
"24","ChronicSubstanceAbuseTotal",12.19865,576,0.000122002093785538,0.527103840001543,318,0,1
"25","Depression",20.267625,16,0,3.60822483003176e-18,15,0,1
"26","DevelopmentalDisability",NA,0,0,0,0,0,1
"27","DisablingCondition",6.8528,2056,0.000161062143910338,1.47483603973764,396,1,4.12240157302171e-72
"28","DomViolenceExp..Don.t.Know",6.073825,2221,0.00631444227548736,2.91140828757591,399,1,1.47528581453101e-105
"29","DomViolenceExp..No",5.8825,2360,0.00502470913915396,3.1757805817209,400,0,6.05737934847721e-138
"30","DomViolenceExp..Refused",16.11595,157,-2.87739224249064e-05,0.413590809782276,154,0,1
"31","DomViolenceExp..Unknown",17.312925,112,-0.000141388750569838,0.238054610671328,111,1,1
"32","DomViolenceExp..Yes",5.424875,1681,0.0211962798223919,6.84204207870714,385,2,1.53722722406476e-18
"33","DrugAbuse",13.976675,389,-0.000154097162111375,0.278454874966717,261,0,1
"34","EarnedIncome",7.568975,1867,0.000688508635116422,1.20638635023159,397,0,5.48729089119771e-41
"35","EarnedIncomeTotal",5.655,3300,0.00172436153166136,3.73439332908816,400,5,0
"36","EverExperiencedChronicHomeless",1.335,1247,0.0450531122093592,22.2550296251473,400,120,0.997941341957834
"37","EverExperiencedDomesticViolence",2.8225,1791,0.0415649832398129,7.32435197960575,400,62,8.64199506568252e-31
"38","FirstShelterStayNightTotal",1.6075,10890,0.0132022075321184,25.7191776332946,400,85,0
"39","FoodStamps",7.46265,1889,0.00192125148001767,1.30500180649938,398,0,3.40741638697816e-44
"40","FoodStampsTotal",3.5125,7219,0.00598319587907644,11.3273828051776,400,8,0
"41","Gender",5.076325,2192,0.000773948188998701,3.12339562010639,399,0,2.81853717139663e-99
"42","GeneralAssistance",19.199725,92,0,0.00715832668793197,87,0,1
"43","GeneralAssistanceTotal",19.280925,76,0,0.00754518574046312,71,0,1
"44","Hispanic",5.83,2686,0.00162719959189603,2.58912940699479,400,8,9.65182463430261e-228
"45","HIVAIDS",NA,0,0,0,0,0,1
"46","InjectedDrugUse",NA,0,0,0,0,0,1
"47","MEDICAID",5.88,3224,-7.99664545986284e-05,2.43096716895413,400,0,0
"48","MEDICARE",12.974,450,0.000136812396955833,0.512354984175189,280,0,1
"49","MentalHealth",7.182075,1824,0.000764388302153006,1.32721371458633,389,1,4.77105339211976e-35
"50","Native.Hawiian...Other.Pacific.Islander",12.028025,703,-6.87960154730748e-05,0.333114688328852,343,0,1
"51","OngoingRentalAssistance",NA,0,0,0,0,0,1
"52","OngoingRentalAssistanceTotal",NA,0,0,0,0,0,1
"53","Other.Multi.Racial",13.4033,413,-5.41435902730151e-05,0.437584338388051,256,2,1
"54","OtherDisabilityTotal",NA,0,0,0,0,0,1
"55","OtherIncome",11.460075,838,-0.000177446304327824,0.42023555002739,349,0,1
"56","OtherIncomeTotal",9.112975,1079,-0.000263472630006253,0.929347723125413,377,1,0.999999999999993
"57","OtherPension",NA,0,0,0,0,0,1
"58","OtherPensionTotal",NA,0,0,0,0,0,1
"59","OtherSource",20.0832,25,0,0.00924431872951611,24,0,1
"60","OtherTANFundedServices",NA,0,0,0,0,0,1
"61","PhysicalDisability",NA,0,0,0,0,0,1
"62","PrimaryCareNetwork",18.518125,77,1.28369916287654e-05,0.0878920830407354,75,0,1
"63","PrivateDisabilityInsurance",19.751525,70,0,0.00238095238095238,63,0,1
"64","PrivateDisabilityInsuranceTotal",19.664175,62,0,0.00227244051910599,61,0,1
"65","RaceHUD",3.3525,2396,0.000532328528005093,7.12910621967182,400,29,6.2614587142779e-147
"66","RetirementIncomefromSocialSecurity",18.965375,45,0,0.130595745105602,45,0,1
"67","RetirementIncomefromSocialSecurityTotal",18.8439,48,0,0.134473676179422,48,0,1
"68","Schizophrenia",NA,0,0,0,0,0,1
"69","SeverlyMentalityIllTotal",6.914275,1884,0.000735455323058474,1.56071284645081,393,2,1.86712364800838e-43
"70","SocialSecurityDisabilityInsurance",12.67735,499,-3.90794963804025e-05,0.495462382625678,302,0,1
"71","SocialSecurityDisabilityInsuranceTotal",9.92715,676,-0.000231265643024388,1.21119256423055,338,0,1
"72","SpecialSupplementalNutritionProgram",6.551475,2150,0.000253234087776927,2.05750101281641,397,0,1.76469785158441e-90
"73","SPFirstEnrollment",7.9431,1304,0.000760032702581892,1.27803867649112,392,0,0.899732909882162
"74","Spice",NA,0,0,0,0,0,1
"75","SSI",10.441375,921,0.000108933262736361,0.501893328673837,365,1,1
"76","SSITotal",7.8884,1352,-0.000311411182757474,1.18105554678948,388,1,0.483880368361471
"77","StateChildrenHealthInsurance",19.32725,76,0,0.0185198558590103,70,0,1
"78","TANF",9.961225,1031,0.000190844548531699,0.819402604226715,367,0,1
"79","TANFChildCareServices",15.926775,252,-4.02368133301673e-05,0.24776067774484,193,0,1
"80","TANFTotal",7.782075,1305,3.41004636998774e-05,1.55055141665996,389,0,0.894780681960599
"81","TANFTransportationServices",16.34125,156,-0.000110681005848005,0.321786965916781,150,0,1
"82","TemporaryRenntalAssistance",NA,0,0,0,0,0,1
"83","TemporaryRenntalAssistanceTotal",NA,0,0,0,0,0,1
"84","TotalDependentsUnder18",4.2075,5113,0.00347856077017358,6.15553023603007,400,2,0
"85","TotalFirstHouseholdIncome",3.87,7861,0.013231017953912,11.0098113136049,400,3,0
"86","TotalFirstHouseholdSize",3.5625,5532,0.00940464371612351,7.62827912397132,400,22,0
"87","TotalIncome",3.715,7858,0.0122022634981502,11.7821582478909,400,5,0
"88","UnemploymentInsurance",13.2871,443,-3.20001641537867e-05,0.521961561962796,272,0,1
"89","UnemploymentInsuranceTotal",10.2035,576,0.000509149069297972,1.08067816190332,320,0,1
"90","VeteranStatus",12.88325,461,-8.13646146502875e-06,0.355648531940064,290,0,1
"91","VetsAdminMedicalServices",19.13975,76,0,0.000267857142857155,70,0,1
"92","VetsDisabilityPayment",19.628775,36,0,0.0104898934055282,33,0,1
"93","VetsDisabilityPaymentTotal",19.63745,35,0,0.0149529222724743,34,0,1
"94","White",5.595,2492,0.0010499769354403,2.69916278602364,400,16,4.75034198556395e-172
"95","WorkersCompensation",NA,0,0,0,0,0,1
"96","WorkersCompensationTotal",NA,0,0,0,0,0,1
"97","YearlyIncome",3.965,7821,0.0127954685295314,10.8210618056363,400,2,0
